for PdGa_Ham1

u = np.linspace(-1.0,1.0,20)
-----------------------------------------
N = 8
24812.288676410622
21058.80086558517
21150.037066829707
33265.95231760016
130675.98451159983
192155.34779607845
23419.64645767108
12208.685294919205
10278.268912340625
10537.283570526684
35942.5693989167
110479.00802645709
56042.618925989584
9984.629536273767
3396.16120218473
3095.215737998729
3059.5010135497
2877.999011453108
3372.2662924910373
2800.515599638825

N = 10
24661.255143493803
18227.381822959094
15802.49919686951
29724.594594999908
127145.50211736881
54268.618638355714
8445.492249515013
4758.934299664695
7191.347979115627
41042.95652529398
75490.66433840554
22792.557344458717
12656.552275936941
11167.69169185519
5371.802359669561
2259.5648024386
1826.684867636087
1844.6425884256696
2325.3781457784676
2377.6073693133394

N = 12
22411.359003787224
18730.526649142776
14379.335075635267
21812.959554969333
63326.584642013826
68037.88267493565
11521.987011487281
11129.745127958573
28042.518713352605
21875.759163352544
8465.595347944907
9690.38393716645
13468.642667902743
13633.308179610991
9458.73237469953
4400.668338584539
2648.16242488303
2383.7070475646383
2556.24832662345
2425.246019181122

N = 14
18906.523313952584
20329.13009649929
15629.488353671059
19759.059927743474
52021.93471509194
40804.90970452149
9729.068077725336
12358.9888561452
14573.160197736246
14190.065507993411
7164.647452760756
13300.011101697824
14911.032832669207
10149.887899610032
4773.87046028261
2842.0479852695275
2260.116802466184
1830.0285209921096
1906.7833231812524
2057.010697536625

N = 16
18698.11582085644
16466.627279861958
13793.880019796214
19061.25330053206
38271.74074977128
39089.934886614865
11237.809713298677
11039.236845683407
15127.30452422853
6522.49124224592
9863.384517917473
20312.937793499386
14858.508790432337
7193.879646180133
4345.75318205739
3088.0679585974717
2277.434865607506
1979.9199625351885
2132.2139631242576
2063.182605608088

