Phosphene 

u = np.linspace(-0.1,0.1,20)
--------------------------------------

N = 50
-10.324431442923336
-10.158875598670699
-8.568050810897992
-5.886918417916561
-2.712979536468129
0.38618118631607495
3.0501072970332337
5.14546385080727
6.70022566340433
7.827275387668726
8.669054366130295
9.362412821135223
10.016166557136174
10.701292158516168
11.455722405532214
12.297289435237523
13.23301391311171
14.259116809569528
15.356375400024682
16.48972296105206

N = 75
7.189297566740742
7.546777411003632
8.432222560888473
9.702666501153734
11.109789585430505
12.4307156329792
13.547760264032506
14.454951950916952
15.219803817068396
15.935108993133944
16.682160745853377
17.512528370490482
18.44564292751489
19.47622306829556
20.587126245258123
21.765732043963986
23.023965989982898
24.422229774044855
26.093387088336605
28.252988910767126

N = 100
21.449307261991017
22.041672556297794
22.489312506759553
22.76167657964088
22.82366556508912
22.704330018183235
22.517834232399675
22.424107911303587
22.5655758456341
23.022326685624034
23.8015278282853
24.852885902914
26.097907325883174
27.465554651806737
28.925366823194025
30.50147181201338
32.252793448367306
34.23037489990476
36.453371847608175
38.935767509105574