for PdGa_Ham2

u = np.linspace(-1.0,1.0,20)
-----------------------------------------
N = 8
27506.03154342144
23935.748889221646
19686.58055604896
24409.414828228284
41390.10760899168
245044.32340843257
84589.03797942086
18334.559248456822
10967.509609987821
10245.871893741232
12290.487948900058
74456.68985654484
93256.92787798874
33567.09901970113
5949.980838284218
3339.67658306802
3246.8210327788406
3171.434442821982
3121.329924780271
3236.6477561847373

N = 10
24726.639476996897
23301.12204165717
17254.29982952825
16702.53371736614
55024.10091411495
110910.06833829361
26262.757819048868
6146.357052895774
5055.959944554467
10457.700161260287
66590.1334999809
58342.3450823699
16253.406620394942
12403.04755812838
9408.81149436451
4075.628794374069
2142.177165335221
1920.8192537676846
2077.009627655693
2330.730959932077

N = 12
21866.23924760183
22157.38913363547
16673.413792573392
14970.887187886192
26804.295781375033
97532.07378873827
31816.736768577674
10560.575840705187
13624.851622445407
33216.69316462091
15880.41072864049
7145.283206153982
11962.00993961023
13779.238775329064
13366.184950977096
6947.9866173722685
3621.583972907025
2602.3087842813193
2526.1983024938886
2534.581510381973

N = 14
19588.63841961618
19181.958708168506
21084.318663120528
15026.474106954582
24763.85863117222
63183.72738837585
21167.64375936844
9835.795705897448
13151.122125484491
16610.53890646183
10169.21647277626
7732.604099842155
16245.491186718145
13541.694047523939
8006.015520977405
3916.34652940316
2732.2128212378575
2185.7070859057103
1899.4925944938627
1956.770891722945

N = 16
20080.54314459304
18077.516408878917
15633.42572269513
14262.574445422639
24165.660486238212
54387.38373568863
20964.21137278365
11089.978258292504
11829.760381271286
13047.954486042887
5823.623541596939
15225.559738935037
18936.8627150436
11734.163243587573
6116.827977102643
3950.627803500413
2839.30455421619
2249.3803145943684
2108.309922587085
2175.339941095509
